save_path: g:\学习\大四课设\电池\algorithm_training_platform\results\DeepHPM_20260113153932.pth
started_at: 2026-01-13T15:39:32.989452+08:00
finished_at: 2026-01-13T15:41:42.998026+08:00
duration_seconds: 130.009

model_type: DeepHPM
train_cells: [1, 2, 3, 4, 5, 6, 7, 8, 9, 10, 11, 12, 13, 14, 15, 16, 17, 18, 19, 20, 21, 22, 23, 24, 25, 26, 27, 28, 29, 30, 31, 32, 33, 34, 35, 36, 37, 38, 39, 40, 41, 42, 43, 44, 45, 46, 47, 48, 49, 50, 51, 52, 53, 54, 55, 56, 57, 58, 59, 60, 61, 62, 63, 64, 65, 66, 67, 68, 69, 70, 71, 72, 73, 74, 75, 76, 77, 78, 79, 80, 81, 82, 83, 84, 85, 86, 87, 88, 89, 90, 91, 92, 93, 94, 95, 96, 97, 98, 99, 100]
test_cells: [101, 102, 103, 104, 105, 106, 107, 108, 109, 110, 111, 112, 113, 114, 115, 116, 117, 118, 119, 120, 121, 122, 123, 124]

metrics:
  MAE=0.005969  MSE=0.000064  RMSPE=0.008763  R2=0.958113

metrics_json:
{
  "MAE": 0.005968545563519001,
  "MSE": 6.443981692427769e-05,
  "RMSPE": 0.008762549608945847,
  "R2": 0.9581130146980286
}

config:
TrainConfig(model_type='DeepHPM', data_path='g:\\学习\\大四课设\\电池\\algorithm_training_platform\\SeversonBattery.mat', save_path='g:\\学习\\大四课设\\电池\\algorithm_training_platform\\results\\DeepHPM_20260113153932.pth', train_cells=[1, 2, 3, 4, 5, 6, 7, 8, 9, 10, 11, 12, 13, 14, 15, 16, 17, 18, 19, 20, 21, 22, 23, 24, 25, 26, 27, 28, 29, 30, 31, 32, 33, 34, 35, 36, 37, 38, 39, 40, 41, 42, 43, 44, 45, 46, 47, 48, 49, 50, 51, 52, 53, 54, 55, 56, 57, 58, 59, 60, 61, 62, 63, 64, 65, 66, 67, 68, 69, 70, 71, 72, 73, 74, 75, 76, 77, 78, 79, 80, 81, 82, 83, 84, 85, 86, 87, 88, 89, 90, 91, 92, 93, 94, 95, 96, 97, 98, 99, 100], test_cells=[101, 102, 103, 104, 105, 106, 107, 108, 109, 110, 111, 112, 113, 114, 115, 116, 117, 118, 119, 120, 121, 122, 123, 124], perc_val=0.2, layers=[128, 128], activation='Tanh', hidden_dim=32, num_layers=2, dropout=0.0, inputs_dynamical='U', inputs_dim_dynamical=1, epochs=100, batch_size=2048, lr=0.001, weight_decay=0.0, step_size=200, gamma=0.5, optimizer='Adam', device='cuda', seed=1234)
